SplitterH.X=674.992004
SplitterH.Y=480.500000
SplitterH.Height=961.000000
ViewportType3=0
SplitterH.Width=20.000000
CameraSpeedScalar3=1.000000
SplitterV.X=0.000000
SplitterV.Width=1284.000000
CameraSpeedScalar2=2.598000
SplitterV.Y=504.499390
SplitterV.Height=20.000000
PerspectiveCameraRotX2=0.000000
ShowFlag1=15
CameraSpeedSetting0=1
CameraSpeedScalar0=5.800000
GridSize0=10.000000
PerspectiveCameraRotY2=0.926283
PerspectiveCameraLocX0=88.093018
PerspectiveCameraLocY0=74.217659
PerspectiveCameraLocZ0=318.934937
ShowFlag3=15
CameraSpeedSetting2=1
PerspectiveCameraRotX0=0.000000
PerspectiveCameraLocX2=-28.107929
PerspectiveCameraRotY0=54.699928
PerspectiveCameraRotZ0=-827.128418
PerspectiveCameraRotX3=0.000000
CameraSpeedSetting1=1
ShowFlag0=15
bMutiView=0
ViewMode0=0
ViewportType0=0
CameraSpeedScalar1=3.400000
GridSize1=10.000000
PerspectiveCameraRotY3=-86.500038
PerspectiveCameraLocX1=138.583099
ScreenHeight=1
PerspectiveCameraLocY1=15.335367
PerspectiveCameraLocZ1=138.901581
CameraSpeedSetting3=1
ShowFlag2=15
PerspectiveCameraRotX1=0.000000
PerspectiveCameraLocX3=37.308208
PerspectiveCameraRotY1=65.999985
PerspectiveCameraRotZ1=65.899910
ViewMode1=1
ViewportType1=1
GridSize2=10.000000
PerspectiveCameraLocY2=-27.869390
PerspectiveCameraLocZ2=25.837776
PerspectiveCameraRotZ2=0.770000
ScreenWidth=1
ViewMode2=0
ViewportType2=3
GridSize3=10.000000
PerspectiveCameraLocY3=31.130322
PerspectiveCameraLocZ3=54.890781
PerspectiveCameraRotZ3=-574.599365
ViewMode3=0
OrthoZoomSize=170.799911
ActiveViewportIndex=1
OrthoPivotX=85.250092
OrthoPivotY=-6.100007
OrthoPivotZ=-4.220010
