SplitterH.X=600.423462
SplitterH.Y=480.500000
SplitterH.Height=961.000000
ViewportType3=0
SplitterH.Width=20.000000
CameraSpeedScalar3=1.000000
SplitterV.X=0.000000
SplitterV.Width=1284.000000
CameraSpeedScalar2=0.198000
SplitterV.Y=468.442291
SplitterV.Height=20.000000
PerspectiveCameraRotX2=0.000000
ShowFlag1=15
CameraSpeedSetting0=1
CameraSpeedScalar0=0.198000
GridSize0=10.000000
PerspectiveCameraRotY2=25.226368
PerspectiveCameraLocX0=-85.610649
PerspectiveCameraLocY0=163.207489
PerspectiveCameraLocZ0=92.961502
ShowFlag3=15
CameraSpeedSetting2=1
PerspectiveCameraRotX0=0.000000
PerspectiveCameraLocX2=47.406773
PerspectiveCameraRotY0=21.900133
PerspectiveCameraRotZ0=-1508.822754
PerspectiveCameraRotX3=0.000000
CameraSpeedSetting1=1
ShowFlag0=15
bMutiView=1
ViewMode0=1
ViewportType0=0
CameraSpeedScalar1=3.400000
GridSize1=10.000000
PerspectiveCameraRotY3=35.499886
PerspectiveCameraLocX1=-133.467804
ScreenHeight=1
PerspectiveCameraLocY1=315.809448
PerspectiveCameraLocZ1=205.277969
CameraSpeedSetting3=1
ShowFlag2=15
PerspectiveCameraRotX1=0.000000
PerspectiveCameraLocX3=135.250992
PerspectiveCameraRotY1=23.199928
PerspectiveCameraRotZ1=-406.401489
ViewMode1=0
ViewportType1=0
GridSize2=10.000000
PerspectiveCameraLocY2=119.216179
PerspectiveCameraLocZ2=54.310505
PerspectiveCameraRotZ2=-108.829735
ScreenWidth=1
ViewMode2=3
ViewportType2=0
GridSize3=10.000000
PerspectiveCameraLocY3=66.374588
PerspectiveCameraLocZ3=94.329514
PerspectiveCameraRotZ3=-137.099960
ViewMode3=4
OrthoZoomSize=152.799927
ActiveViewportIndex=1
OrthoPivotX=-47.399822
OrthoPivotY=6.099980
OrthoPivotZ=22.930056
