SplitterH.X=817.829468
SplitterH.Y=480.500000
SplitterH.Height=1137.000000
ViewportType3=0
SplitterH.Width=20.000000
CameraSpeedScalar3=2.200000
SplitterV.X=0.000000
SplitterV.Width=1920.000000
CameraSpeedScalar2=2.598000
SplitterV.Y=574.234009
SplitterV.Height=20.000000
PerspectiveCameraRotX2=0.000000
ShowFlag1=15
CameraSpeedSetting0=1
CameraSpeedScalar0=4.998000
GridSize0=10.000000
PerspectiveCameraRotY2=25.026276
PerspectiveCameraLocX0=41.673862
PerspectiveCameraLocY0=181.539398
PerspectiveCameraLocZ0=99.705505
ShowFlag3=15
CameraSpeedSetting2=1
PerspectiveCameraRotX0=0.000000
PerspectiveCameraLocX2=59.791283
PerspectiveCameraRotY0=18.500000
PerspectiveCameraRotZ0=-1542.026611
PerspectiveCameraRotX3=0.000000
CameraSpeedSetting1=1
ShowFlag0=15
bMutiView=1
ViewMode0=2
ViewportType0=0
CameraSpeedScalar1=3.400000
GridSize1=10.000000
PerspectiveCameraRotY3=33.500008
PerspectiveCameraLocX1=154.030319
ScreenHeight=0
PerspectiveCameraLocY1=101.705246
PerspectiveCameraLocZ1=116.832649
CameraSpeedSetting3=1
ShowFlag2=15
PerspectiveCameraRotX1=0.000000
PerspectiveCameraLocX3=165.015152
PerspectiveCameraRotY1=23.300016
PerspectiveCameraRotZ1=-147.699814
ViewMode1=5
ViewportType1=0
GridSize2=10.000000
PerspectiveCameraLocY2=123.665733
PerspectiveCameraLocZ2=54.353245
PerspectiveCameraRotZ2=-115.829941
ScreenWidth=0
ViewMode2=2
ViewportType2=0
GridSize3=10.000000
PerspectiveCameraLocY3=38.955467
PerspectiveCameraLocZ3=64.713806
PerspectiveCameraRotZ3=-138.400024
ViewMode3=0
OrthoZoomSize=141.999954
ActiveViewportIndex=0
OrthoPivotX=6.799998
OrthoPivotY=14.299979
OrthoPivotZ=10.529968
