SplitterH.X=879.698364
SplitterH.Y=480.500000
SplitterH.Height=1137.000000
ViewportType3=0
SplitterH.Width=20.000000
CameraSpeedScalar3=3.400000
SplitterV.X=0.000000
SplitterV.Width=1920.000000
CameraSpeedScalar2=2.598000
SplitterV.Y=534.132874
SplitterV.Height=20.000000
PerspectiveCameraRotX2=0.000000
ShowFlag1=15
CameraSpeedSetting0=1
CameraSpeedScalar0=5.800000
GridSize0=10.000000
PerspectiveCameraRotY2=73.526268
PerspectiveCameraLocX0=-53.689381
PerspectiveCameraLocY0=-160.939209
PerspectiveCameraLocZ0=1310.165161
ShowFlag3=15
CameraSpeedSetting2=1
PerspectiveCameraRotX0=0.000000
PerspectiveCameraLocX2=85.255959
PerspectiveCameraRotY0=-1.400009
PerspectiveCameraRotZ0=-1219.427246
PerspectiveCameraRotX3=0.000000
CameraSpeedSetting1=1
ShowFlag0=15
bMutiView=1
ViewMode0=0
ViewportType0=3
CameraSpeedScalar1=3.798000
GridSize1=10.000000
PerspectiveCameraRotY3=39.599998
PerspectiveCameraLocX1=90.585670
ScreenHeight=1
PerspectiveCameraLocY1=-96.269699
PerspectiveCameraLocZ1=47.014072
CameraSpeedSetting3=1
ShowFlag2=15
PerspectiveCameraRotX1=0.000000
PerspectiveCameraLocX3=143.230164
PerspectiveCameraRotY1=7.000032
PerspectiveCameraRotZ1=-212.899902
ViewMode1=0
ViewportType1=0
GridSize2=10.000000
PerspectiveCameraLocY2=270.122162
PerspectiveCameraLocZ2=187.418457
PerspectiveCameraRotZ2=-527.230469
ScreenWidth=1
ViewMode2=0
ViewportType2=0
GridSize3=10.000000
PerspectiveCameraLocY3=-32.726337
PerspectiveCameraLocZ3=83.799538
PerspectiveCameraRotZ3=-1257.599854
ViewMode3=0
OrthoZoomSize=428.800049
ActiveViewportIndex=1
OrthoPivotX=17.750084
OrthoPivotY=45.750023
OrthoPivotZ=14.979993
