SplitterH.X=1167.829468
SplitterH.Y=480.500000
SplitterH.Height=1137.000000
ViewportType3=0
SplitterH.Width=20.000000
CameraSpeedScalar3=4.600000
SplitterV.X=0.000000
SplitterV.Width=1920.000000
CameraSpeedScalar2=4.998000
SplitterV.Y=717.234009
SplitterV.Height=20.000000
PerspectiveCameraRotX2=0.000000
ShowFlag1=15
CameraSpeedSetting0=1
CameraSpeedScalar0=2.598000
GridSize0=10.000000
PerspectiveCameraRotY2=39.626236
PerspectiveCameraLocX0=-665.859009
PerspectiveCameraLocY0=683.746033
PerspectiveCameraLocZ0=1360.243408
ShowFlag3=15
CameraSpeedSetting2=1
PerspectiveCameraRotX0=0.000000
PerspectiveCameraLocX2=1642.587646
PerspectiveCameraRotY0=55.799931
PerspectiveCameraRotZ0=-2925.950684
PerspectiveCameraRotX3=0.000000
CameraSpeedSetting1=1
ShowFlag0=15
bMutiView=1
ViewMode0=0
ViewportType0=0
CameraSpeedScalar1=1.398000
GridSize1=10.000000
PerspectiveCameraRotY3=14.499799
PerspectiveCameraLocX1=-1515.685425
ScreenHeight=2
PerspectiveCameraLocY1=1275.419922
PerspectiveCameraLocZ1=731.480713
CameraSpeedSetting3=1
ShowFlag2=15
PerspectiveCameraRotX1=0.000000
PerspectiveCameraLocX3=1965.135986
PerspectiveCameraRotY1=19.400043
PerspectiveCameraRotZ1=-377.506195
ViewMode1=6
ViewportType1=0
GridSize2=10.000000
PerspectiveCameraLocY2=3098.985596
PerspectiveCameraLocZ2=2558.421387
PerspectiveCameraRotZ2=-132.523849
ScreenWidth=2
ViewMode2=4
ViewportType2=0
GridSize3=10.000000
PerspectiveCameraLocY3=2183.440430
PerspectiveCameraLocZ3=1652.127563
PerspectiveCameraRotZ3=-115.398392
ViewMode3=3
OrthoZoomSize=58.900021
ActiveViewportIndex=2
OrthoPivotX=-0.549613
OrthoPivotY=62.449249
OrthoPivotZ=30.780077
