SplitterH.X=1167.829468
SplitterH.Y=480.500000
SplitterH.Height=1137.000000
ViewportType3=0
SplitterH.Width=20.000000
CameraSpeedScalar3=4.600000
SplitterV.X=0.000000
SplitterV.Width=1920.000000
CameraSpeedScalar2=0.198000
SplitterV.Y=717.234009
SplitterV.Height=20.000000
PerspectiveCameraRotX2=0.000000
ShowFlag1=15
CameraSpeedSetting0=1
CameraSpeedScalar0=0.198000
GridSize0=10.000000
PerspectiveCameraRotY2=-15.573710
PerspectiveCameraLocX0=-40.138367
PerspectiveCameraLocY0=162.731659
PerspectiveCameraLocZ0=140.880112
ShowFlag3=15
CameraSpeedSetting2=1
PerspectiveCameraRotX0=0.000000
PerspectiveCameraLocX2=-22.707457
PerspectiveCameraRotY0=24.300158
PerspectiveCameraRotZ0=-3325.951660
PerspectiveCameraRotX3=0.000000
CameraSpeedSetting1=1
ShowFlag0=15
bMutiView=0
ViewMode0=0
ViewportType0=0
CameraSpeedScalar1=1.398000
GridSize1=10.000000
PerspectiveCameraRotY3=13.699799
PerspectiveCameraLocX1=-1515.685425
ScreenHeight=0
PerspectiveCameraLocY1=1275.419922
PerspectiveCameraLocZ1=731.480713
CameraSpeedSetting3=1
ShowFlag2=15
PerspectiveCameraRotX1=0.000000
PerspectiveCameraLocX3=2012.431641
PerspectiveCameraRotY1=19.400043
PerspectiveCameraRotZ1=-377.506195
ViewMode1=6
ViewportType1=0
GridSize2=10.000000
PerspectiveCameraLocY2=101.836792
PerspectiveCameraLocZ2=243.841461
PerspectiveCameraRotZ2=-81.523804
ScreenWidth=0
ViewMode2=4
ViewportType2=0
GridSize3=10.000000
PerspectiveCameraLocY3=2274.536621
PerspectiveCameraLocZ3=1677.777344
PerspectiveCameraRotZ3=-117.898384
ViewMode3=3
OrthoZoomSize=58.900021
ActiveViewportIndex=0
OrthoPivotX=-0.549613
OrthoPivotY=62.449249
OrthoPivotZ=30.780077
