SplitterH.X=897.829468
SplitterH.Y=480.500000
SplitterH.Height=1137.000000
ViewportType3=0
SplitterH.Width=20.000000
CameraSpeedScalar3=1.000000
SplitterV.X=0.000000
SplitterV.Width=1920.000000
CameraSpeedScalar2=2.598000
SplitterV.Y=534.234009
SplitterV.Height=20.000000
PerspectiveCameraRotX2=0.000000
ShowFlag1=15
CameraSpeedSetting0=1
CameraSpeedScalar0=0.198000
GridSize0=10.000000
PerspectiveCameraRotY2=16.126293
PerspectiveCameraLocX0=7.089299
PerspectiveCameraLocY0=15.242191
PerspectiveCameraLocZ0=4.733323
ShowFlag3=15
CameraSpeedSetting2=1
PerspectiveCameraRotX0=0.000000
PerspectiveCameraLocX2=21.204351
PerspectiveCameraRotY0=29.899994
PerspectiveCameraRotZ0=-902.829834
PerspectiveCameraRotX3=0.000000
CameraSpeedSetting1=1
ShowFlag0=15
bMutiView=0
ViewMode0=0
ViewportType0=0
CameraSpeedScalar1=3.400000
GridSize1=10.000000
PerspectiveCameraRotY3=-8.800024
PerspectiveCameraLocX1=3.882819
ScreenHeight=1
PerspectiveCameraLocY1=31.888174
PerspectiveCameraLocZ1=32.638584
CameraSpeedSetting3=1
ShowFlag2=15
PerspectiveCameraRotX1=0.000000
PerspectiveCameraLocX3=-98.353104
PerspectiveCameraRotY1=45.200054
PerspectiveCameraRotZ1=-817.600342
ViewMode1=1
ViewportType1=0
GridSize2=10.000000
PerspectiveCameraLocY2=88.702461
PerspectiveCameraLocZ2=27.703571
PerspectiveCameraRotZ2=-101.130020
ScreenWidth=1
ViewMode2=0
ViewportType2=0
GridSize3=10.000000
PerspectiveCameraLocY3=124.292702
PerspectiveCameraLocZ3=135.316208
PerspectiveCameraRotZ3=-1542.399536
ViewMode3=0
OrthoZoomSize=11.199985
ActiveViewportIndex=1
OrthoPivotX=1.750008
OrthoPivotY=3.249984
OrthoPivotZ=2.329971
