SplitterH.X=897.829468
SplitterH.Y=480.500000
SplitterH.Height=1137.000000
ViewportType3=3
SplitterH.Width=20.000000
CameraSpeedScalar3=1.000000
SplitterV.X=0.000000
SplitterV.Width=1920.000000
CameraSpeedScalar2=0.198000
SplitterV.Y=554.234009
SplitterV.Height=20.000000
PerspectiveCameraRotX2=0.000000
ShowFlag1=15
CameraSpeedSetting0=1
CameraSpeedScalar0=0.198000
GridSize0=10.000000
PerspectiveCameraRotY2=25.226336
PerspectiveCameraLocX0=-31.485828
PerspectiveCameraLocY0=185.300293
PerspectiveCameraLocZ0=98.230782
ShowFlag3=15
CameraSpeedSetting2=1
PerspectiveCameraRotX0=0.000000
PerspectiveCameraLocX2=102.654106
PerspectiveCameraRotY0=21.099987
PerspectiveCameraRotZ0=-1509.720093
PerspectiveCameraRotX3=0.000000
CameraSpeedSetting1=1
ShowFlag0=15
bMutiView=1
ViewMode0=1
ViewportType0=0
CameraSpeedScalar1=3.400000
GridSize1=10.000000
PerspectiveCameraRotY3=23.899998
PerspectiveCameraLocX1=73.483696
ScreenHeight=0
PerspectiveCameraLocY1=176.024658
PerspectiveCameraLocZ1=99.393654
CameraSpeedSetting3=1
ShowFlag2=15
PerspectiveCameraRotX1=0.000000
PerspectiveCameraLocX3=-0.446611
PerspectiveCameraRotY1=17.499979
PerspectiveCameraRotZ1=-452.902100
ViewMode1=3
ViewportType1=5
GridSize2=10.000000
PerspectiveCameraLocY2=208.976593
PerspectiveCameraLocZ2=105.749924
PerspectiveCameraRotZ2=-118.429512
ScreenWidth=0
ViewMode2=3
ViewportType2=0
GridSize3=10.000000
PerspectiveCameraLocY3=9.131624
PerspectiveCameraLocZ3=4.051415
PerspectiveCameraRotZ3=-87.200005
ViewMode3=0
OrthoZoomSize=217.599762
ActiveViewportIndex=0
OrthoPivotX=120.599686
OrthoPivotY=-72.599205
OrthoPivotZ=32.279968
