SplitterH.X=899.408630
SplitterH.Y=480.500000
SplitterH.Height=1137.000000
ViewportType3=0
SplitterH.Width=20.000000
CameraSpeedScalar3=3.400000
SplitterV.X=0.000000
SplitterV.Width=1920.000000
CameraSpeedScalar2=2.598000
SplitterV.Y=552.571960
SplitterV.Height=20.000000
PerspectiveCameraRotX2=0.000000
ShowFlag1=15
CameraSpeedSetting0=1
CameraSpeedScalar0=5.800000
GridSize0=10.000000
PerspectiveCameraRotY2=28.100039
PerspectiveCameraLocX0=-53.689381
PerspectiveCameraLocY0=-160.939209
PerspectiveCameraLocZ0=1310.165161
ShowFlag3=15
CameraSpeedSetting2=1
PerspectiveCameraRotX0=0.000000
PerspectiveCameraLocX2=65.211555
PerspectiveCameraRotY0=-1.400009
PerspectiveCameraRotZ0=-1219.427246
PerspectiveCameraRotX3=0.000000
CameraSpeedSetting1=1
ShowFlag0=15
bMutiView=1
ViewMode0=0
ViewportType0=3
CameraSpeedScalar1=3.798000
GridSize1=10.000000
PerspectiveCameraRotY3=25.000002
PerspectiveCameraLocX1=232.139496
ScreenHeight=1
PerspectiveCameraLocY1=47.654976
PerspectiveCameraLocZ1=141.905670
CameraSpeedSetting3=1
ShowFlag2=15
PerspectiveCameraRotX1=0.000000
PerspectiveCameraLocX3=16.527628
PerspectiveCameraRotY1=35.900005
PerspectiveCameraRotZ1=-162.299774
ViewMode1=3
ViewportType1=0
GridSize2=10.000000
PerspectiveCameraLocY2=-52.627823
PerspectiveCameraLocZ2=31.424442
PerspectiveCameraRotZ2=-936.930420
ScreenWidth=1
ViewMode2=5
ViewportType2=0
GridSize3=10.000000
PerspectiveCameraLocY3=-137.557220
PerspectiveCameraLocZ3=59.646843
PerspectiveCameraRotZ3=-1320.299438
ViewMode3=4
OrthoZoomSize=428.800049
ActiveViewportIndex=1
OrthoPivotX=-24.199892
OrthoPivotY=45.750023
OrthoPivotZ=45.779984
