SplitterH.X=897.829529
SplitterH.Y=480.500000
SplitterH.Height=1137.000000
ViewportType3=0
SplitterH.Width=20.000000
CameraSpeedScalar3=1.000000
SplitterV.X=0.000000
SplitterV.Width=1920.000000
CameraSpeedScalar2=2.598000
SplitterV.Y=509.234039
SplitterV.Height=20.000000
PerspectiveCameraRotX2=0.000000
ShowFlag1=15
CameraSpeedSetting0=1
CameraSpeedScalar0=0.198000
GridSize0=10.000000
PerspectiveCameraRotY2=0.926283
PerspectiveCameraLocX0=4.837679
PerspectiveCameraLocY0=-4.268093
PerspectiveCameraLocZ0=4.495369
ShowFlag3=15
CameraSpeedSetting2=1
PerspectiveCameraRotX0=0.000000
PerspectiveCameraLocX2=-28.107929
PerspectiveCameraRotY0=32.699974
PerspectiveCameraRotZ0=-939.228760
PerspectiveCameraRotX3=0.000000
CameraSpeedSetting1=1
ShowFlag0=15
bMutiView=0
ViewMode0=0
ViewportType0=0
CameraSpeedScalar1=0.198000
GridSize1=10.000000
PerspectiveCameraRotY3=27.399971
PerspectiveCameraLocX1=4.609975
ScreenHeight=3
PerspectiveCameraLocY1=14.995109
PerspectiveCameraLocZ1=11.446486
CameraSpeedSetting3=1
ShowFlag2=15
PerspectiveCameraRotX1=0.000000
PerspectiveCameraLocX3=115.433556
PerspectiveCameraRotY1=29.199894
PerspectiveCameraRotZ1=-465.100555
ViewMode1=1
ViewportType1=0
GridSize2=10.000000
PerspectiveCameraLocY2=-27.869390
PerspectiveCameraLocZ2=25.837776
PerspectiveCameraRotZ2=0.770000
ScreenWidth=3
ViewMode2=0
ViewportType2=3
GridSize3=10.000000
PerspectiveCameraLocY3=-133.937881
PerspectiveCameraLocZ3=134.308090
PerspectiveCameraRotZ3=-599.299805
ViewMode3=0
OrthoZoomSize=11.199985
ActiveViewportIndex=3
OrthoPivotX=-17.249992
OrthoPivotY=0.349985
OrthoPivotZ=8.179971
