SplitterH.X=897.829468
SplitterH.Y=480.500000
SplitterH.Height=1137.000000
ViewportType3=3
SplitterH.Width=20.000000
CameraSpeedScalar3=1.000000
SplitterV.X=0.000000
SplitterV.Width=1920.000000
CameraSpeedScalar2=0.198000
SplitterV.Y=554.234009
SplitterV.Height=20.000000
PerspectiveCameraRotX2=0.000000
ShowFlag1=15
CameraSpeedSetting0=1
CameraSpeedScalar0=6.198000
GridSize0=10.000000
PerspectiveCameraRotY2=20.626318
PerspectiveCameraLocX0=4316.165527
PerspectiveCameraLocY0=-863.937256
PerspectiveCameraLocZ0=1558.696777
ShowFlag3=15
CameraSpeedSetting2=1
PerspectiveCameraRotX0=0.000000
PerspectiveCameraLocX2=126.131454
PerspectiveCameraRotY0=27.600031
PerspectiveCameraRotZ0=-1649.926025
PerspectiveCameraRotX3=0.000000
CameraSpeedSetting1=1
ShowFlag0=15
bMutiView=1
ViewMode0=0
ViewportType0=0
CameraSpeedScalar1=3.400000
GridSize1=10.000000
PerspectiveCameraRotY3=23.899998
PerspectiveCameraLocX1=-150.910797
ScreenHeight=0
PerspectiveCameraLocY1=22.158592
PerspectiveCameraLocZ1=110.327774
CameraSpeedSetting3=1
ShowFlag2=15
PerspectiveCameraRotX1=0.000000
PerspectiveCameraLocX3=-0.446611
PerspectiveCameraRotY1=32.800022
PerspectiveCameraRotZ1=-339.299896
ViewMode1=0
ViewportType1=0
GridSize2=10.000000
PerspectiveCameraLocY2=33.761246
PerspectiveCameraLocZ2=54.103268
PerspectiveCameraRotZ2=-155.129868
ScreenWidth=0
ViewMode2=1
ViewportType2=0
GridSize3=10.000000
PerspectiveCameraLocY3=9.131624
PerspectiveCameraLocZ3=4.051415
PerspectiveCameraRotZ3=-87.200005
ViewMode3=0
OrthoZoomSize=141.999954
ActiveViewportIndex=0
OrthoPivotX=-6.900005
OrthoPivotY=4.249983
OrthoPivotZ=5.579969
