SplitterH.X=897.829468
SplitterH.Y=480.500000
SplitterH.Height=1137.000000
ViewportType3=3
SplitterH.Width=20.000000
CameraSpeedScalar3=1.000000
SplitterV.X=0.000000
SplitterV.Width=1920.000000
CameraSpeedScalar2=2.598000
SplitterV.Y=554.234009
SplitterV.Height=20.000000
PerspectiveCameraRotX2=0.000000
ShowFlag1=15
CameraSpeedSetting0=1
CameraSpeedScalar0=4.998000
GridSize0=10.000000
PerspectiveCameraRotY2=39.126289
PerspectiveCameraLocX0=-49.746410
PerspectiveCameraLocY0=140.058456
PerspectiveCameraLocZ0=93.982658
ShowFlag3=15
CameraSpeedSetting2=1
PerspectiveCameraRotX0=0.000000
PerspectiveCameraLocX2=115.340714
PerspectiveCameraRotY0=57.500011
PerspectiveCameraRotZ0=-1533.627197
PerspectiveCameraRotX3=0.000000
CameraSpeedSetting1=1
ShowFlag0=15
bMutiView=1
ViewMode0=0
ViewportType0=0
CameraSpeedScalar1=3.400000
GridSize1=10.000000
PerspectiveCameraRotY3=23.899998
PerspectiveCameraLocX1=88.149338
ScreenHeight=1
PerspectiveCameraLocY1=-80.653069
PerspectiveCameraLocZ1=76.981926
CameraSpeedSetting3=1
ShowFlag2=15
PerspectiveCameraRotX1=0.000000
PerspectiveCameraLocX3=-0.446611
PerspectiveCameraRotY1=28.000008
PerspectiveCameraRotZ1=-227.199768
ViewMode1=5
ViewportType1=0
GridSize2=10.000000
PerspectiveCameraLocY2=27.166002
PerspectiveCameraLocZ2=128.096237
PerspectiveCameraRotZ2=-163.129959
ScreenWidth=1
ViewMode2=2
ViewportType2=0
GridSize3=10.000000
PerspectiveCameraLocY3=9.131624
PerspectiveCameraLocZ3=4.051415
PerspectiveCameraRotZ3=-87.200005
ViewMode3=0
OrthoZoomSize=141.999954
ActiveViewportIndex=1
OrthoPivotX=-6.900005
OrthoPivotY=4.249983
OrthoPivotZ=5.579969
