SplitterH.X=869.408569
SplitterH.Y=480.500000
SplitterH.Height=1137.000000
ViewportType3=0
SplitterH.Width=20.000000
CameraSpeedScalar3=3.400000
SplitterV.X=0.000000
SplitterV.Width=1920.000000
CameraSpeedScalar2=4.998000
SplitterV.Y=591.571960
SplitterV.Height=20.000000
PerspectiveCameraRotX2=0.000000
ShowFlag1=15
CameraSpeedSetting0=1
CameraSpeedScalar0=5.800000
GridSize0=10.000000
PerspectiveCameraRotY2=41.000095
PerspectiveCameraLocX0=-53.689381
PerspectiveCameraLocY0=-160.939209
PerspectiveCameraLocZ0=1310.165161
ShowFlag3=15
CameraSpeedSetting2=1
PerspectiveCameraRotX0=0.000000
PerspectiveCameraLocX2=136.047791
PerspectiveCameraRotY0=-1.400009
PerspectiveCameraRotZ0=-1219.427246
PerspectiveCameraRotX3=0.000000
CameraSpeedSetting1=1
ShowFlag0=15
bMutiView=1
ViewMode0=2
ViewportType0=3
CameraSpeedScalar1=3.798000
GridSize1=10.000000
PerspectiveCameraRotY3=30.899996
PerspectiveCameraLocX1=100.822144
ScreenHeight=0
PerspectiveCameraLocY1=-55.890308
PerspectiveCameraLocZ1=50.917301
CameraSpeedSetting3=1
ShowFlag2=15
PerspectiveCameraRotX1=0.000000
PerspectiveCameraLocX3=139.753220
PerspectiveCameraRotY1=19.599997
PerspectiveCameraRotZ1=-208.099777
ViewMode1=3
ViewportType1=0
GridSize2=10.000000
PerspectiveCameraLocY2=59.627026
PerspectiveCameraLocZ2=110.694473
PerspectiveCameraRotZ2=-869.929382
ScreenWidth=0
ViewMode2=5
ViewportType2=0
GridSize3=10.000000
PerspectiveCameraLocY3=86.633957
PerspectiveCameraLocZ3=66.985291
PerspectiveCameraRotZ3=-1200.500122
ViewMode3=4
OrthoZoomSize=428.800049
ActiveViewportIndex=0
OrthoPivotX=31.250095
OrthoPivotY=45.750023
OrthoPivotZ=55.729996
