SplitterH.X=705.298279
SplitterH.Y=480.500000
SplitterH.Height=961.000000
ViewportType3=0
SplitterH.Width=20.000000
CameraSpeedScalar3=3.400000
SplitterV.X=0.000000
SplitterV.Width=1284.000000
CameraSpeedScalar2=2.598000
SplitterV.Y=492.418488
SplitterV.Height=20.000000
PerspectiveCameraRotX2=0.000000
ShowFlag1=15
CameraSpeedSetting0=1
CameraSpeedScalar0=5.800000
GridSize0=10.000000
PerspectiveCameraRotY2=32.326271
PerspectiveCameraLocX0=137.022797
PerspectiveCameraLocY0=156.330643
PerspectiveCameraLocZ0=144.210526
ShowFlag3=15
CameraSpeedSetting2=1
PerspectiveCameraRotX0=0.000000
PerspectiveCameraLocX2=104.904114
PerspectiveCameraRotY0=52.299915
PerspectiveCameraRotZ0=-1201.326782
PerspectiveCameraRotX3=0.000000
CameraSpeedSetting1=1
ShowFlag0=15
bMutiView=1
ViewMode0=0
ViewportType0=0
CameraSpeedScalar1=3.400000
GridSize1=10.000000
PerspectiveCameraRotY3=58.899994
PerspectiveCameraLocX1=138.583099
ScreenHeight=0
PerspectiveCameraLocY1=15.335367
PerspectiveCameraLocZ1=138.901581
CameraSpeedSetting3=1
ShowFlag2=15
PerspectiveCameraRotX1=0.000000
PerspectiveCameraLocX3=19.570997
PerspectiveCameraRotY1=65.999985
PerspectiveCameraRotZ1=65.899910
ViewMode1=1
ViewportType1=1
GridSize2=10.000000
PerspectiveCameraLocY2=48.908398
PerspectiveCameraLocZ2=79.645645
PerspectiveCameraRotZ2=-163.630005
ScreenWidth=0
ViewMode2=0
ViewportType2=0
GridSize3=10.000000
PerspectiveCameraLocY3=109.882828
PerspectiveCameraLocZ3=193.417816
PerspectiveCameraRotZ3=-799.399597
ViewMode3=0
OrthoZoomSize=170.799911
ActiveViewportIndex=0
OrthoPivotX=110.650101
OrthoPivotY=-33.649990
OrthoPivotZ=20.079990
