SplitterH.X=487.404694
SplitterH.Y=480.500000
SplitterH.Height=961.000000
ViewportType3=0
SplitterH.Width=20.000000
CameraSpeedScalar3=0.198000
SplitterV.X=0.000000
SplitterV.Width=1284.000000
CameraSpeedScalar2=4.998000
SplitterV.Y=528.451965
SplitterV.Height=20.000000
PerspectiveCameraRotX2=0.000000
ShowFlag1=15
CameraSpeedSetting0=1
CameraSpeedScalar0=0.198000
GridSize0=10.000000
PerspectiveCameraRotY2=48.626156
PerspectiveCameraLocX0=-28.107929
PerspectiveCameraLocY0=-27.869390
PerspectiveCameraLocZ0=25.837776
ShowFlag3=15
CameraSpeedSetting2=1
PerspectiveCameraRotX0=0.000000
PerspectiveCameraLocX2=1642.587646
PerspectiveCameraRotY0=33.126286
PerspectiveCameraRotZ0=24.970001
PerspectiveCameraRotX3=0.000000
CameraSpeedSetting1=1
ShowFlag0=15
bMutiView=0
ViewMode0=4
ViewportType0=0
CameraSpeedScalar1=1.398000
GridSize1=10.000000
PerspectiveCameraRotY3=10.899782
PerspectiveCameraLocX1=-21.294388
ScreenHeight=0
PerspectiveCameraLocY1=0.208421
PerspectiveCameraLocZ1=34.392384
CameraSpeedSetting3=1
ShowFlag2=15
PerspectiveCameraRotX1=0.000000
PerspectiveCameraLocX3=83.737946
PerspectiveCameraRotY1=51.726330
PerspectiveCameraRotZ1=-350.430084
ViewMode1=0
ViewportType1=0
GridSize2=10.000000
PerspectiveCameraLocY2=3098.985596
PerspectiveCameraLocZ2=2558.421387
PerspectiveCameraRotZ2=-91.223694
ScreenWidth=0
ViewMode2=4
ViewportType2=0
GridSize3=10.000000
PerspectiveCameraLocY3=258.196503
PerspectiveCameraLocZ3=75.504471
PerspectiveCameraRotZ3=-94.397247
ViewMode3=3
OrthoZoomSize=58.900021
ActiveViewportIndex=0
OrthoPivotX=-0.549613
OrthoPivotY=62.449249
OrthoPivotZ=30.780077
