SplitterH.X=897.829468
SplitterH.Y=480.500000
SplitterH.Height=1137.000000
ViewportType3=3
SplitterH.Width=20.000000
CameraSpeedScalar3=1.000000
SplitterV.X=0.000000
SplitterV.Width=1920.000000
CameraSpeedScalar2=2.598000
SplitterV.Y=534.234009
SplitterV.Height=20.000000
PerspectiveCameraRotX2=0.000000
ShowFlag1=15
CameraSpeedSetting0=1
CameraSpeedScalar0=0.198000
GridSize0=10.000000
PerspectiveCameraRotY2=8.526270
PerspectiveCameraLocX0=7.089299
PerspectiveCameraLocY0=15.242191
PerspectiveCameraLocZ0=4.733323
ShowFlag3=15
CameraSpeedSetting2=1
PerspectiveCameraRotX0=0.000000
PerspectiveCameraLocX2=18.080618
PerspectiveCameraRotY0=29.899994
PerspectiveCameraRotZ0=-902.829834
PerspectiveCameraRotX3=0.000000
CameraSpeedSetting1=1
ShowFlag0=15
bMutiView=0
ViewMode0=0
ViewportType0=0
CameraSpeedScalar1=3.400000
GridSize1=10.000000
PerspectiveCameraRotY3=23.899998
PerspectiveCameraLocX1=7.458688
ScreenHeight=2
PerspectiveCameraLocY1=-77.153023
PerspectiveCameraLocZ1=46.743572
CameraSpeedSetting3=1
ShowFlag2=15
PerspectiveCameraRotX1=0.000000
PerspectiveCameraLocX3=3.457821
PerspectiveCameraRotY1=17.499975
PerspectiveCameraRotZ1=-96.600090
ViewMode1=1
ViewportType1=0
GridSize2=10.000000
PerspectiveCameraLocY2=260.557587
PerspectiveCameraLocZ2=35.043411
PerspectiveCameraRotZ2=-57.930035
ScreenWidth=2
ViewMode2=0
ViewportType2=0
GridSize3=10.000000
PerspectiveCameraLocY3=30.354818
PerspectiveCameraLocZ3=14.345372
PerspectiveCameraRotZ3=-87.200005
ViewMode3=0
OrthoZoomSize=11.199985
ActiveViewportIndex=2
OrthoPivotX=-0.799992
OrthoPivotY=0.349985
OrthoPivotZ=-1.020029
