SplitterH.X=897.829468
SplitterH.Y=480.500000
SplitterH.Height=1137.000000
ViewportType3=3
SplitterH.Width=20.000000
CameraSpeedScalar3=1.000000
SplitterV.X=0.000000
SplitterV.Width=1920.000000
CameraSpeedScalar2=2.598000
SplitterV.Y=551.234009
SplitterV.Height=20.000000
PerspectiveCameraRotX2=0.000000
ShowFlag1=15
CameraSpeedSetting0=1
CameraSpeedScalar0=4.998000
GridSize0=10.000000
PerspectiveCameraRotY2=23.226294
PerspectiveCameraLocX0=212.790222
PerspectiveCameraLocY0=-100.845200
PerspectiveCameraLocZ0=118.748917
ShowFlag3=15
CameraSpeedSetting2=1
PerspectiveCameraRotX0=0.000000
PerspectiveCameraLocX2=257.196930
PerspectiveCameraRotY0=15.100016
PerspectiveCameraRotZ0=-1294.729614
PerspectiveCameraRotX3=0.000000
CameraSpeedSetting1=1
ShowFlag0=15
bMutiView=1
ViewMode0=1
ViewportType0=0
CameraSpeedScalar1=3.400000
GridSize1=10.000000
PerspectiveCameraRotY3=23.899998
PerspectiveCameraLocX1=406.205353
ScreenHeight=1
PerspectiveCameraLocY1=-225.962463
PerspectiveCameraLocZ1=182.088425
CameraSpeedSetting3=1
ShowFlag2=15
PerspectiveCameraRotX1=0.000000
PerspectiveCameraLocX3=3.457821
PerspectiveCameraRotY1=12.899961
PerspectiveCameraRotZ1=-208.900101
ViewMode1=0
ViewportType1=0
GridSize2=10.000000
PerspectiveCameraLocY2=627.396729
PerspectiveCameraLocZ2=298.797485
PerspectiveCameraRotZ2=-106.430000
ScreenWidth=1
ViewMode2=0
ViewportType2=0
GridSize3=10.000000
PerspectiveCameraLocY3=30.354818
PerspectiveCameraLocZ3=14.345372
PerspectiveCameraRotZ3=-87.200005
ViewMode3=0
OrthoZoomSize=141.999954
ActiveViewportIndex=1
OrthoPivotX=-14.600007
OrthoPivotY=4.249983
OrthoPivotZ=3.129972
