SplitterH.X=522.848450
SplitterH.Y=480.500000
SplitterH.Height=961.000000
ViewportType3=0
SplitterH.Width=20.000000
CameraSpeedScalar3=1.000000
SplitterV.X=0.000000
SplitterV.Width=1284.000000
CameraSpeedScalar2=0.198000
SplitterV.Y=459.990204
SplitterV.Height=20.000000
PerspectiveCameraRotX2=0.000000
ShowFlag1=15
CameraSpeedSetting0=1
CameraSpeedScalar0=0.198000
GridSize0=10.000000
PerspectiveCameraRotY2=18.826311
PerspectiveCameraLocX0=0.938502
PerspectiveCameraLocY0=-0.808681
PerspectiveCameraLocZ0=0.888778
ShowFlag3=15
CameraSpeedSetting2=1
PerspectiveCameraRotX0=0.000000
PerspectiveCameraLocX2=126.131454
PerspectiveCameraRotY0=28.600016
PerspectiveCameraRotZ0=-3470.395020
PerspectiveCameraRotX3=0.000000
CameraSpeedSetting1=1
ShowFlag0=15
bMutiView=0
ViewMode0=1
ViewportType0=0
CameraSpeedScalar1=3.400000
GridSize1=10.000000
PerspectiveCameraRotY3=22.899994
PerspectiveCameraLocX1=-869.696899
ScreenHeight=0
PerspectiveCameraLocY1=-24.216881
PerspectiveCameraLocZ1=566.973755
CameraSpeedSetting3=1
ShowFlag2=15
PerspectiveCameraRotX1=0.000000
PerspectiveCameraLocX3=-9.021538
PerspectiveCameraRotY1=34.700012
PerspectiveCameraRotZ1=-339.899292
ViewMode1=6
ViewportType1=0
GridSize2=10.000000
PerspectiveCameraLocY2=33.761246
PerspectiveCameraLocZ2=54.103268
PerspectiveCameraRotZ2=-165.330002
ScreenWidth=0
ViewMode2=4
ViewportType2=0
GridSize3=10.000000
PerspectiveCameraLocY3=184.458801
PerspectiveCameraLocZ3=81.838577
PerspectiveCameraRotZ3=-86.299843
ViewMode3=3
OrthoZoomSize=177.999863
ActiveViewportIndex=0
OrthoPivotX=53.699932
OrthoPivotY=23.399893
OrthoPivotZ=30.780077
