SplitterH.X=521.423462
SplitterH.Y=480.500000
SplitterH.Height=961.000000
ViewportType3=3
SplitterH.Width=20.000000
CameraSpeedScalar3=1.000000
SplitterV.X=0.000000
SplitterV.Width=1284.000000
CameraSpeedScalar2=0.198000
SplitterV.Y=468.442291
SplitterV.Height=20.000000
PerspectiveCameraRotX2=0.000000
ShowFlag1=15
CameraSpeedSetting0=1
CameraSpeedScalar0=0.198000
GridSize0=10.000000
PerspectiveCameraRotY2=39.200047
PerspectiveCameraLocX0=3.247521
PerspectiveCameraLocY0=0.656831
PerspectiveCameraLocZ0=22.129503
ShowFlag3=15
CameraSpeedSetting2=1
PerspectiveCameraRotX0=0.000000
PerspectiveCameraLocX2=36.389580
PerspectiveCameraRotY0=55.299778
PerspectiveCameraRotZ0=-972.633362
PerspectiveCameraRotX3=0.000000
CameraSpeedSetting1=1
ShowFlag0=15
bMutiView=1
ViewMode0=0
ViewportType0=0
CameraSpeedScalar1=0.198000
GridSize1=10.000000
PerspectiveCameraRotY3=23.899998
PerspectiveCameraLocX1=24.824722
ScreenHeight=1
PerspectiveCameraLocY1=32.473091
PerspectiveCameraLocZ1=6.683285
CameraSpeedSetting3=1
ShowFlag2=15
PerspectiveCameraRotX1=0.000000
PerspectiveCameraLocX3=-0.446611
PerspectiveCameraRotY1=14.099997
PerspectiveCameraRotZ1=-474.300415
ViewMode1=0
ViewportType1=0
GridSize2=10.000000
PerspectiveCameraLocY2=-62.509087
PerspectiveCameraLocZ2=52.404263
PerspectiveCameraRotZ2=-599.731079
ScreenWidth=1
ViewMode2=1
ViewportType2=0
GridSize3=10.000000
PerspectiveCameraLocY3=9.131624
PerspectiveCameraLocZ3=4.051415
PerspectiveCameraRotZ3=-87.200005
ViewMode3=0
OrthoZoomSize=141.999954
ActiveViewportIndex=1
OrthoPivotX=-6.900005
OrthoPivotY=4.249983
OrthoPivotZ=5.579969
