SplitterH.X=694.717224
SplitterH.Y=480.500000
SplitterH.Height=961.000000
ViewportType3=0
SplitterH.Width=20.000000
CameraSpeedScalar3=2.200000
SplitterV.X=0.000000
SplitterV.Width=1284.000000
CameraSpeedScalar2=2.598000
SplitterV.Y=514.083435
SplitterV.Height=20.000000
PerspectiveCameraRotX2=0.000000
ShowFlag1=15
CameraSpeedSetting0=1
CameraSpeedScalar0=46.998016
GridSize0=10.000000
PerspectiveCameraRotY2=35.326263
PerspectiveCameraLocX0=603.192078
PerspectiveCameraLocY0=-1815.317505
PerspectiveCameraLocZ0=739.443481
ShowFlag3=15
CameraSpeedSetting2=1
PerspectiveCameraRotX0=0.000000
PerspectiveCameraLocX2=157.233475
PerspectiveCameraRotY0=3.799962
PerspectiveCameraRotZ0=-989.823914
PerspectiveCameraRotX3=0.000000
CameraSpeedSetting1=1
ShowFlag0=15
bMutiView=0
ViewMode0=0
ViewportType0=0
CameraSpeedScalar1=3.400000
GridSize1=10.000000
PerspectiveCameraRotY3=19.999998
PerspectiveCameraLocX1=85.946106
ScreenHeight=0
PerspectiveCameraLocY1=192.889130
PerspectiveCameraLocZ1=138.166748
CameraSpeedSetting3=1
ShowFlag2=15
PerspectiveCameraRotX1=0.000000
PerspectiveCameraLocX3=185.641159
PerspectiveCameraRotY1=31.700008
PerspectiveCameraRotZ1=-86.699799
ViewMode1=5
ViewportType1=0
GridSize2=10.000000
PerspectiveCameraLocY2=143.699936
PerspectiveCameraLocZ2=146.211868
PerspectiveCameraRotZ2=-148.529861
ScreenWidth=0
ViewMode2=2
ViewportType2=0
GridSize3=10.000000
PerspectiveCameraLocY3=5.933876
PerspectiveCameraLocZ3=70.783989
PerspectiveCameraRotZ3=-163.500046
ViewMode3=0
OrthoZoomSize=141.999954
ActiveViewportIndex=0
OrthoPivotX=6.799998
OrthoPivotY=14.299979
OrthoPivotZ=10.529968
