SplitterH.X=897.829468
SplitterH.Y=480.500000
SplitterH.Height=1137.000000
ViewportType3=3
SplitterH.Width=20.000000
CameraSpeedScalar3=1.000000
SplitterV.X=0.000000
SplitterV.Width=1920.000000
CameraSpeedScalar2=0.198000
SplitterV.Y=554.234009
SplitterV.Height=20.000000
PerspectiveCameraRotX2=0.000000
ShowFlag1=15
CameraSpeedSetting0=1
CameraSpeedScalar0=6.198000
GridSize0=10.000000
PerspectiveCameraRotY2=20.626318
PerspectiveCameraLocX0=202.238464
PerspectiveCameraLocY0=-254.118759
PerspectiveCameraLocZ0=120.853943
ShowFlag3=15
CameraSpeedSetting2=1
PerspectiveCameraRotX0=0.000000
PerspectiveCameraLocX2=126.131454
PerspectiveCameraRotY0=14.899999
PerspectiveCameraRotZ0=-1675.629639
PerspectiveCameraRotX3=0.000000
CameraSpeedSetting1=1
ShowFlag0=15
bMutiView=1
ViewMode0=1
ViewportType0=0
CameraSpeedScalar1=3.400000
GridSize1=10.000000
PerspectiveCameraRotY3=23.899998
PerspectiveCameraLocX1=-260.142761
ScreenHeight=0
PerspectiveCameraLocY1=-249.770111
PerspectiveCameraLocZ1=383.614105
CameraSpeedSetting3=1
ShowFlag2=15
PerspectiveCameraRotX1=0.000000
PerspectiveCameraLocX3=-0.446611
PerspectiveCameraRotY1=42.499893
PerspectiveCameraRotZ1=-286.897095
ViewMode1=0
ViewportType1=0
GridSize2=10.000000
PerspectiveCameraLocY2=33.761246
PerspectiveCameraLocZ2=54.103268
PerspectiveCameraRotZ2=-155.129868
ScreenWidth=0
ViewMode2=6
ViewportType2=0
GridSize3=10.000000
PerspectiveCameraLocY3=9.131624
PerspectiveCameraLocZ3=4.051415
PerspectiveCameraRotZ3=-87.200005
ViewMode3=4
OrthoZoomSize=141.999954
ActiveViewportIndex=0
OrthoPivotX=23.200018
OrthoPivotY=51.549770
OrthoPivotZ=35.680012
